299.81
124.76
304.51
122.74
306.85
112.25
306.71
196.11
179.82
201.33
145.56
103.27
155.14
275.31
162.44
298.66
282.35
207.01
286.65
269.53
246.87
97.98
177.55
150.43
284.62
187.83
198.39
172.78
162.30
278.53
216.57
230.09
226.43
166.51
162.81
169.36
242.18
105.51
266.00
235.46
102.30
182.91
170.76
213.71
92.71
101.76
295.12
159.55
213.32
197.70
273.71
237.28
140.25
279.74
234.87
253.22
290.13
219.31
94.92
282.41
97.42
172.54
188.21
154.83
284.58
224.50
207.51
275.43
296.17
294.58
197.23
199.53
103.73
303.47
168.48
255.74
119.97
245.19
234.99
148.14
172.82
167.01
167.52
124.51
203.63
288.25
164.34
186.75
154.44
197.07
178.34
203.29
252.77
152.10
223.93
210.18
256.31
203.94
222.21
229.50
741.20
1194.73
789.27
1408.36
1100.20
600.46
1041.38
1188.91
732.59
1033.37
674.40
1178.13
1174.45
1212.62
1249.09
1115.75
779.20
668.15
972.21
707.97
1363.25
1260.24
808.46
1131.22
716.20
1285.43
699.28
725.75
580.05
757.78
1116.79
898.50
968.49
819.32
1043.65
669.95
856.01
1123.95
1115.24
848.87
701.65
867.15
1020.81
739.55
998.26
1110.69
1326.23
1236.65
844.03
1102.44
833.37
1211.85
948.52
1145.83
968.68
804.84
1150.80
932.08
701.45
663.78
1032.92
537.24
1037.90
824.34
1128.73
1129.98
666.73
680.83
1365.02
392.99
629.64
887.70
774.74
882.67
956.35
1159.24
1225.58
713.60
610.22
701.93
1184.90
963.42
830.95
1384.08
1028.34
785.82
743.55
848.90
785.16
1145.74
1224.23
1035.34
904.64
568.80
498.24
1037.72
982.71
566.18
586.37
825.36
1766.61
1370.40
1630.29
1066.71
1187.42
1826.13
1209.08
988.21
1190.19
1540.97
1337.21
1252.46
1293.83
1159.85
1682.40
1521.72
1438.80
1205.66
1437.64
1387.27
1082.71
1431.15
1961.88
1664.10
1646.42
1065.63
1287.82
1593.08
1115.72
1635.57
678.08
1340.69
1181.85
1457.53
1025.73
1719.18
1169.05
1347.41
1459.29
1293.26
1184.15
1167.18
845.70
1358.23
1547.53
1571.53
1552.38
1876.82
1411.12
1617.54
1356.07
1273.48
1558.36
1385.01
1739.66
1110.81
1178.87
914.72
1410.85
1233.78
1354.22
1570.54
1680.76
1340.38
1490.78
1694.01
1560.01
1265.67
1465.44
1755.86
1439.27
1611.77
1283.45
1127.79
918.76
1010.34
1705.96
1280.71
1332.73
1019.16
1632.97
1159.57
1460.28
1755.26
1337.22
1563.88
1772.38
1043.86
1679.00
1179.28
1608.66
1492.17
1708.03
1882.81
1128.60
1208.26
1081.72
1976.33
1448.35
1614.89
1229.18
951.40
1192.31
887.28
1056.62
766.89
859.55
1212.26
1088.52
1222.09
1073.14
1050.12
978.17
1061.32
961.88
808.20
1032.93
720.54
940.83
912.71
1202.53
798.76
792.78
1094.21
1165.84
1027.62
1250.82
1245.28
923.47
948.50
572.99
716.25
768.28
1410.60
1079.57
816.58
756.13
671.82
992.20
1159.08
645.51
817.89
1069.96
1198.11
856.27
954.67
1140.19
664.43
953.81
1098.19
1319.16
1014.90
766.30
1094.41
690.19
713.64
1126.32
1156.11
653.63
685.08
747.05
923.24
1452.23
1119.63
618.32
1306.83
1294.00
966.82
704.70
1043.93
969.34
894.78
1167.54
1033.65
1122.41
1002.40
1134.52
678.53
779.51
1119.46
747.43
1108.30
1172.84
666.81
1160.13
890.81
1405.54
594.01
865.72
1100.59
760.93
1003.75
867.45
1074.49
1351.95
1053.73
1101.46
899.01
1078.19
1283.62
1091.78
732.93
970.06
1134.99
832.98
545.59
988.54
883.01
496.52
1181.14
769.26
976.78
840.47
891.79
809.80
584.28
1295.73
485.33
1283.69
429.86
1023.56
541.65
736.15
834.68
728.49
775.84
1187.56
754.55
405.67
1316.50
436.47
789.54
989.60
1025.39
615.69
1388.32
771.52
889.38
758.12
911.71
966.39
983.91
653.44
678.45
545.77
1144.42
566.86
836.48
1231.13
671.20
426.87
428.61
503.79
698.39
989.62
688.08
877.72
903.12
541.90
653.78
935.51
922.51
833.87
780.05
1154.94
615.92
972.69
978.81
1030.56
435.36
778.91
831.85
978.69
867.17
822.32
1049.32
959.98
1153.93
1043.07
527.23
676.36
765.40
426.53
469.70
959.23
790.25
1198.38
945.84
744.77
1233.01
568.31
560.27
577.32
877.07
557.57
440.65
943.34
817.67
991.42
943.46
939.04
920.82
705.55
381.89
946.44
376.27
1053.68
647.81
913.36
615.42
840.68
715.49
676.60
516.33
412.94
856.84
821.12
1082.71
867.72
558.97
1060.18
979.64
1040.38
519.53
632.48
518.54
661.56
693.59
1052.41
484.35
685.04
917.73
726.51
754.37
455.50
696.51
1246.01
467.91
1022.67
647.05
741.55
879.00
781.77
333.44
548.96
506.30
998.12
1072.86
529.25
1028.52
1045.94
840.13
946.33
1137.97
873.95
492.58
732.20
727.10
923.88
964.91
825.56
1015.35
972.26
681.89
1000.51
757.79
668.55
577.37
937.65
1101.05
618.80
581.59
795.74
1221.84
909.03
763.79
1048.57
729.40
1034.03
599.28
679.15
849.94
596.75
580.58
838.68
1070.17
1103.29
966.79
803.26
1075.31
1108.81
967.91
1016.86
1145.93
802.45
1010.21
1027.76
1051.52
732.87
904.72
1098.56
708.27
1247.11
985.93
559.69
983.27
781.53
560.82
704.50
1082.95
825.23
976.26
819.57
1180.64
985.25
789.50
790.31
951.15
1039.35
658.64
1214.97
456.12
969.37
500.94
910.42
951.00
1134.87
680.94
1213.24
742.84
753.80
699.16
769.64
1046.48
909.17
666.68
1112.89
1000.40
753.07
1147.73
501.68
886.95
707.27
976.73
1031.16
820.77
638.87
1032.11
1062.75
711.24
1429.72
1502.48
1686.22
1495.51
1709.93
1732.12
1592.40
1794.10
1540.07
1719.57
1640.48
1715.37
1523.29
1814.51
1695.60
1631.04
1593.78
1596.95
1539.17
1671.16
1596.17
1498.86
1452.73
1697.26
1579.42
1805.59
1483.30
1614.65
1528.78
1639.80
1653.32
1552.36
1722.35
1779.09
1576.05
1672.34
1537.49
1663.36
1825.39
1527.35
1444.83
1653.63
1743.46
1418.64
1475.85
1741.42
1624.39
1671.97
1779.87
1590.33
1600.60
1632.95
1596.96
1614.57
1698.21
1674.13
1666.79
1523.44
1673.44
1583.86
1802.38
1653.20
1754.71
1594.43
1706.80
1714.74
1757.99
1661.76
1766.79
1569.13
1731.65
1498.53
1624.53
1803.37
1713.17
1642.28
1526.35
1591.49
1655.20
1656.97
1659.46
1379.21
1585.36
1802.27
1442.80
1437.89
1691.07
1402.69
1635.73
1592.82
1595.80
1642.19
1745.88
1520.53
1649.94
1541.49
1719.34
1521.56
1522.81
1615.49
1409.10
1123.15
933.02
1907.07
1092.25
793.33
1208.71
1298.89
642.70
1354.81
1897.63
1441.97
1695.04
1615.04
1452.48
1903.72
1544.69
1715.71
1877.05
1612.97
1218.66
1902.44
1587.65
1713.87
1401.46
1170.01
1308.11
836.88
1868.56
1431.37
1850.73
1389.10
1664.92
761.34
1318.48
1936.70
674.03
1779.26
1343.61
355.58
1732.44
1584.01
1252.13
621.07
1192.91
1603.66
2054.39
806.82
1610.94
1610.90
1441.32
1042.51
1353.58
1836.22
1427.80
1063.25
1315.58
1890.15
1039.39
2166.21
1318.79
1143.81
502.81
173.59
1330.73
906.38
1206.84
1965.13
1425.23
867.39
1550.67
1344.86
1099.90
422.61
1225.22
1354.45
1418.56
1501.02
730.85
1289.70
1234.80
1046.70
1319.34
1421.58
527.80
1677.05
1051.59
1444.45
1072.96
1858.20
1794.24
1091.57
1378.23
1289.88
1332.97
1657.85
1879.76
984.36
699.12
921.84
1407.73
1817.54
1600.17
1835.00
1977.99
1690.60
1835.97
1655.31
1282.56
1601.12
1480.25
825.83
1066.92
1123.43
1473.28
1312.31
1585.32
1224.92
1260.53
1563.17
1079.59
1436.63
1451.34
1103.17
827.80
1757.95
1142.86
1468.76
1268.33
1738.35
641.48
1154.39
1236.10
763.44
612.70
1299.69
1118.53
955.18
1772.82
901.14
808.60
1035.34
819.15
1732.99
1009.35
1891.99
1819.39
1065.66
807.98
1476.63
1433.90
1357.06
1766.96
1767.76
1218.10
606.28
1281.45
742.22
1312.90
1607.98
1891.76
762.48
574.65
1169.20
1416.95
1223.08
857.79
1385.37
1287.19
1766.40
1670.62
2118.76
904.12
1817.88
1009.50
1189.52
1489.35
2189.44
1612.84
1651.40
1025.79
1975.60
1709.87
1433.54
1602.24
1301.87
537.53
654.03
835.16
1481.01
1996.75
1683.49
1210.39
1036.22
1013.60
1176.40
1512.25
1609.79
945.77
1467.67
1385.63
1121.48
1918.42
1193.70
972.33
1584.07
1373.15
1633.82
1395.88
1998.15
1301.39
1508.45
1982.03
1389.74
1758.69
1924.31
1754.94
1904.80
1519.54
1128.87
811.68
2057.95
1754.66
1723.23
977.70
1639.29
1075.93
512.48
1179.86
1704.93
1061.92
1167.65
1329.90
1577.71
1983.86
1333.40
1671.72
1907.85
2063.23
1697.41
1341.39
1329.96
1706.00
1167.97
1987.03
1481.44
904.89
1698.89
1795.60
1937.76
670.69
680.74
1953.87
1574.73
1519.31
2271.62
1275.45
2109.88
1323.18
2001.63
1292.12
1725.82
753.59
1327.23
1686.99
1537.92
950.18
1405.18
1065.19
1736.06
1508.81
903.20
1314.82
1821.88
757.34
1364.92
1664.38
1908.05
1693.90
1053.57
688.65
966.93
693.67
1227.59
1505.07
797.61
1565.96
985.12
1165.31
1484.37
1347.88
750.81
1893.36
1308.48
1018.88
1271.42
581.71
1460.35
979.70
1512.53
805.16
1487.67
886.78
2177.20
1440.32
1307.69
1603.82
1639.73
963.35
1908.95
1713.51
1142.28
1094.95
1415.91
1478.40
910.43
1526.31
1486.20
1714.70
1336.57
1300.21
1486.10
924.82
1233.72
1152.90
1391.72
1189.65
1496.09
1607.09
1147.50
1400.55
1320.92
1407.23
1365.03
1144.02
593.36
1056.89
1819.75
1658.23
956.12
1865.54
1028.76
1173.38
1399.08
1243.63
1579.32
474.25
1062.84
1814.21
1575.28
1009.81
1165.60
1735.59
1136.26
1650.76
1808.02
1434.87
1060.90
929.25
1787.07
1690.24
1519.10
1749.59
1536.04
1372.32
1441.02
1613.07
757.81
1765.39
1400.99
1189.77
1272.33
2050.38
813.41
1522.55
1271.11
1982.21
1552.19
1397.12
1359.34
1111.40
1900.00
1480.19
1073.37
809.65
1175.04
1141.95
1151.05
1635.90
1732.25
1243.52
1015.30
1229.29
902.66
1230.23
1210.73
1459.92
1670.40
1684.72
878.22
1364.51
1348.72
321.76
2145.12
1344.34
1339.83
1511.72
1493.99
1737.10
903.69
609.75
1251.80
709.08
1663.22
1620.09
1689.38
453.18
1419.34
1441.13
1304.66
1407.36
1429.03
1302.54
1720.98
1134.65
1363.91
1407.19
1399.35
1986.00
1791.29
649.84
1633.17
612.55
1380.61
1708.46
1584.42
763.32
1206.84
1322.46
1073.77
1662.07
943.01
1381.94
1479.23
1658.42
2039.83
1745.76
1350.37
1306.19
1162.69
1557.35
1138.53
1383.12
1392.27
746.95
885.91
1422.64
960.05
1882.82
1007.32
1750.76
493.52
1634.94
1349.39
2028.61
1665.34
519.22
919.07
1664.80
639.66
1144.84
1560.33
1178.18
1616.65
1190.52
1871.08
1120.39
1411.67
775.16
1411.08
1129.11
1200.24
1391.35
1476.03
1437.56
489.08
1074.40
730.00
1563.47
1342.21
701.76
1318.46
628.96
1001.31
1152.99
1511.31
1676.63
1927.44
1806.01
1344.99
1853.32
1691.80
1007.72
1314.94
715.59
1005.39
1588.96
1169.28
1825.57
1715.56
1582.22
639.73
1459.78
1270.50
1593.54
1558.74
1880.06
1236.69
1355.06
763.54
1391.10
1157.28
1091.94
1442.24
1092.50
1645.45
1663.83
959.75
1058.31
1360.38
714.21
1595.97
1185.62
910.73
1548.71
1160.73
1803.97
1195.71
424.09
1182.16
1291.94
1920.94
1634.21
1631.35
1074.53
1469.03
1556.73
1615.43
1154.45
1099.55
1770.78
1341.06
1566.30
1203.90
1574.09
2044.70
2107.03
1722.93
1041.81
707.54
1093.54
1024.44
1335.44
1042.87
1809.18
1410.89
850.47
1240.57
1485.44
1306.20
1212.40
965.69
1308.31
1259.32
763.77
1266.40
1125.49
1185.71
1203.62
1066.76
1597.01
1135.73
1353.71
1344.72
1091.30
1269.05
1665.13
721.01
1467.59
855.75
602.97
981.54
1002.78
1250.45
971.39
1653.44
1333.33
1321.92
901.33
1823.92
1151.54
1383.72
1167.22
1483.84
2205.96
1808.37
1364.77
1258.17
636.59
1571.05
1227.09
1284.96
1067.34
1613.14
1490.31
1445.10
1155.43
1380.36
978.62
1798.86
1920.01
2029.60
1205.85
1327.90
1515.10
1344.62
1434.62
773.02
1856.87
1183.10
1577.63
1357.56
1036.20
1609.46
1465.53
1289.96
1839.24
1232.81
1536.79
714.51
1276.94
1993.83
1359.25
1492.57
1925.28
1410.29
1223.23
1822.90
1220.27
1458.28
1168.93
1518.80
1426.51
1771.13
918.40
709.80
1601.34
1241.07
1366.32
356.53
1267.45
890.29
899.70
1715.45
1028.98
1613.99
1740.34
1822.53
1129.55
1834.17
1496.28
1129.30
1276.74
1706.46
1237.53
1492.27
1501.24
1385.55
658.05
1319.20
1396.18
1124.80
1125.46
1598.38
1500.70
1048.47
1477.43
1126.72
1429.21
1667.76
800.57
1863.40
1184.75
1879.96
914.78
1541.15
1272.70
2172.99
1268.32
1130.28
1809.45
1594.16
1259.21
699.52
1279.81
1878.29
1444.60
1688.92
1102.21
453.92
1603.20
951.08
984.85
1270.74
1931.51
1037.03
1363.38
1514.39
1182.28
774.71
1357.24
1064.13
1356.46
1375.18
1112.35
1037.12
1163.74
1260.88
1609.92
1776.09
1987.89
1223.77
1061.62
1005.01
1355.40
1656.30
1409.49
1514.42
1503.91
653.29
1640.95
1061.57
910.67
1273.26
1741.56
1612.98
1676.54
1248.15
1473.71
810.49
1320.15
1831.52
845.10
1836.55
1326.03
1572.81
612.45
584.41
1316.72
1149.02
1951.30
958.45
2099.70
1334.23
1081.91
1578.03
1205.02
1007.91
2009.22
1480.70
610.97
1103.60
708.44
1054.61
854.81
1251.15
1325.25
1296.29
1423.25
620.57
775.76
589.23
1446.88
1039.35
1471.46
1116.78
2156.14
1529.61
287.26
1588.41
872.62
691.68
1252.06
1216.55
1017.36
1661.30
1842.53
1715.67
783.73
438.56
1123.63
1208.43
1442.29
1227.15
1143.08
1811.62
327.10
480.92
1934.74
1458.79
654.42
587.74
975.27
1147.84
1241.48
1263.14
1719.47
500.67
1266.68
780.59
1209.33
1390.44
1685.57
1399.61
1728.73
1763.33
1212.34
1841.69
1294.06
1533.42
977.24
1188.05
1502.52
836.66
1526.80
1581.55
1318.45
1600.32
1540.30
1698.58
1223.95
1171.44
1014.39
1172.14
1011.71
1636.40
1539.01
1164.69
1483.63
2186.44
2035.38
1901.80
416.89
1197.51
1117.82
2165.75
1197.53
1036.70
1471.54
995.16
1806.55
1776.81
1787.72
1596.31
1545.31
1044.54
2296.50
1565.96
486.08
1036.22
969.09
1190.52
1378.60
1292.03
1126.40
1420.34
1224.83
1680.09
1610.69
740.97
1141.83
1420.59
863.71
1263.22
1619.34
1088.75
617.02
802.54
1020.54
1163.53
1397.61
1103.44
1745.58
1512.42
724.52
1462.51
1265.38
1353.66
1177.61
1039.05
1621.88
1344.56
1844.33
2107.79
1777.66
1320.66
1033.11
1256.00
1381.00
1176.84
1496.04
1638.93
859.27
1566.94
1704.67
1700.89
1495.06
1076.10
1201.21
1120.91
921.56
1694.29
692.28
269.47
1027.43
564.01
1273.14
1047.09
950.37
846.48
910.53
1473.08
1283.24
624.77
1319.05
1380.99
929.09
1649.20
1819.66
1333.00
1589.99
373.07
1277.13
1386.46
937.54
1250.07
1177.39
1118.77
1924.49
1646.87
1335.60
700.50
1939.04
975.33
1786.62
1135.51
1047.24
1206.56
1449.88
662.23
1027.23
540.86
1468.61
1631.81
1962.24
632.01
1782.08
801.36
1205.54
1133.90
1212.36
1745.40
1489.70
1366.47
1616.68
940.74
653.68
1073.45
1745.63
1675.78
1191.35
1681.52
2064.87
1500.39
890.95
1306.95
1673.43
778.97
1359.72
1186.17
1293.56
1489.28
1348.30
1464.04
1589.74
1380.95
1714.38
1686.57
1614.40
1111.24
854.51
1360.97
1908.51
726.47
1524.99
936.14
1012.45
1423.74
1431.09
1797.73
1121.58
1201.55
1281.76
1146.64
1841.28
1302.15
2143.67
511.68
1387.65
1292.44
1432.20
1344.92
1534.30
1788.10
1387.86
991.17
1314.26
1756.99
1481.26
469.15
1726.27
732.56
697.31
1670.02
1096.09
1439.88
762.86
1830.13
1607.17
1969.59
1946.88
1179.80
1432.11
1558.88
1979.44
1635.72
1251.04
838.76
899.91
1269.93
867.38
1619.95
1477.58
1325.41
1951.03
1517.98
1455.12
1369.38
1062.40
1836.61
1653.07
1913.73
563.83
1091.26
763.25
1280.89
1830.99
1641.23
1404.24
1751.32
1399.42
1167.14
1321.88
1489.18
1611.55
1734.00
1052.80
1028.50
790.65
1602.82
1403.16
1536.26
734.88
1103.21
940.26
855.98
865.71
1203.17
416.74
1155.66
1148.18
1494.41
932.43
761.47
1097.37
1622.68
769.45
671.02
1499.57
1717.97
1418.10
1568.38
1615.37
1809.37
1381.68
1518.00
1448.11
1076.51
1733.98
1444.31
1107.73
757.64
1153.12
1180.97
1213.28
537.03
1471.16
1644.60
1575.18
1226.34
1339.64
1036.92
1653.79
1978.53
1079.53
1170.17
1843.93
821.22
956.24
1110.74
1482.59
910.83
1087.00
1801.70
1507.70
1840.92
1739.59
1497.89
1790.60
1416.95
1979.56
1458.70
1697.05
1473.76
1029.02
1703.91
1456.08
1294.17
1369.34
1369.14
1709.07
1194.84
1059.16
747.65
1667.72
1643.74
831.71
842.00
1128.44
1253.25
1249.37
635.33
654.90
1438.26
1773.47
1549.31
1345.54
2134.14
1825.33
1772.78
1269.27
1310.60
1028.57
1121.36
1126.43
1897.45
749.45
1282.35
709.51
1449.22
1719.62
1321.51
1420.59
1096.15
1439.71
1637.21
616.15
1020.27
1211.54
1573.82
1590.52
1277.86
814.44
1244.04
1509.93
157.40
717.00
1572.80
1337.87
1046.42
1223.43
1661.12
675.99
666.17
1451.60
1618.31
1540.12
1573.83
2111.60
1293.32
1580.27
1345.69
1800.03
1567.10
1449.76
1521.36
1903.94
654.40
1505.17
957.62
1554.97
1484.68
867.86
1364.81
1409.60
1241.27
865.22
1277.17
1830.75
1336.53
981.43
1149.30
1195.87
1281.52
1711.95
1668.10
578.87
233.86
778.05
1392.32
1649.48
1687.30
1369.67
1244.16
1948.66
1825.50
1668.90
790.35
1721.73
1461.12
1426.45
1771.97
1877.45
975.53
1809.13
1150.63
1015.34
1061.30
961.38
1299.80
1488.27
1638.72
930.40
1564.99
390.23
1783.11
1273.06
1387.95
490.57
853.28
1753.04
1557.34
1741.24
1058.38
1889.50
1168.33
789.43
1648.75
1408.71
905.62
756.22
952.11
1783.14
1705.69
1077.47
514.89
1150.84
777.86
1018.15
1789.71
1189.10
1351.13
1125.90
1257.96
1421.89
1645.85
864.76
1141.75
1834.90
1706.97
418.63
2080.51
1524.78
1772.56
1885.32
810.62
1026.42
577.59
1550.49
1687.27
792.89
1178.78
1747.93
547.67
842.38
837.23
1584.22
1444.20
1755.03
982.40
1244.87
1206.20
1280.04
1863.67
843.73
1746.68
1090.76
1373.93
651.04
1501.36
1633.01
1715.92
1659.30
917.87
1410.83
1053.40
1837.21
1469.02
1418.17
1709.04
728.29
860.98
1034.05
892.84
1063.07
1159.99
1601.51
1255.83
1275.09
1159.24
1286.17
1317.29
1370.43
1724.12
1190.33
1766.01
1471.74
1657.44
1360.11
1097.65
1289.98
1957.85
1527.78
917.60
1393.80
1776.18
1554.09
1375.55
1343.73
1618.03
1341.25
1303.17
1502.41
1762.30
984.17
1241.89
955.54
1736.70
1653.04
459.26
1392.44
1990.13
2012.42
1091.23
1020.04
741.06
1055.01
1852.86
1225.54
1475.95
1170.52
738.05
1122.24
1489.17
1035.52
1635.20
1225.68
405.75
956.85
1597.80
1841.68
1330.33
1403.72
1914.97
964.70
1238.10
1454.01
1592.54
1303.68
1417.98
1078.93
1569.07
1162.16
1536.76
1290.59
1170.86
913.38
699.38
1469.82
822.54
1692.76
951.36
1094.75
1488.98
1481.36
1101.04
1097.67
1796.80
744.08
2036.11
1021.66
770.47
1474.86
1018.43
1517.97
1964.54
1078.89
1910.41
1879.91
1721.29
767.95
477.01
888.63
1209.20
1554.55
823.07
1686.44
1832.21
996.46
1563.68
742.93
579.62
1451.24
753.60
181.35
889.84
1523.90
1576.22
1622.98
1939.76
1526.49
1715.20
1776.90
1418.04
1367.63
1721.67
1071.36
1247.05
1468.03
1822.71
1353.67
1670.32
1039.57
1640.59
1322.16
1172.56
1107.95
795.25
2094.05
940.71
1495.64
2183.31
755.40
1713.49
169.31
2021.04
902.92
1705.30
1578.86
835.87
1716.45
1993.41
1338.27
1500.77
671.42
1380.08
1601.30
1233.55
998.65
1942.29
796.64
1660.44
1399.41
1215.04
248.02
1874.68
492.54
337.45
1393.70
982.60
1708.48
1415.47
1640.97
1858.14
1380.07
1138.42
1503.91
1088.59
936.10
1637.57
838.82
1417.33
979.85
1227.01
1474.15
1806.63
1637.01
690.52
1344.01
1231.33
1737.08
976.25
744.43
1143.64
1118.90
1220.72
1113.51
1469.56
1214.30
1641.76
945.70
1684.68
711.84
1899.14
1794.68
1670.58
899.27
1143.63
859.04
1877.54
1368.71
715.50
1569.57
902.75
934.66
574.74
1032.85
395.64
1829.22
1927.58
1445.48
1412.51
1178.43
635.17
1306.45
1657.70
1138.43
496.65
1346.77
1402.14
487.34
1059.20
746.25
920.59
1042.83
1734.53
936.73
600.59
939.99
2097.48
1365.52
1753.85
1979.50
1071.86
1356.19
2000.92
1154.00
942.69
1051.95
1581.77
1242.54
1555.10
1099.38
1676.25
1645.12
1427.33
927.64
1906.44
1604.95
1329.30
1684.61
1193.16
1051.92
1706.85
1266.61
1097.26
1581.31
1707.29
1167.19
524.05
1355.91
913.37
935.59
278.83
1308.40
1866.69
1612.66
1235.99
1258.70
1747.29
1705.44
1295.32
872.41
1284.81
612.69
1873.50
1590.65
1085.01
1579.71
1021.78
1640.81
1761.91
1436.71
694.77
939.35
1446.76
2027.47
1303.83
1060.50
1231.52
1053.48
1128.44
2041.91
1361.39
1705.62
1382.96
928.90
1779.78
1126.96
1490.96
1102.91
1392.10
828.36
1068.30
1234.57
1439.64
1405.83
1221.81
1624.30
1225.98
824.72
954.59
1677.06
1733.63
1405.18
1289.04
1209.86
1408.13
773.43
1723.14
740.11
1795.63
882.43
1365.93
726.44
1391.53
810.60
621.55
300.19
1742.95
1814.91
666.48
1092.26
1999.30
1892.85
1272.48
1935.71
1213.78
1514.99
1309.76
1323.73
1985.21
1098.63
614.59
1873.74
1378.61
1333.63
1519.95
2170.99
1358.55
1385.37
1613.16
1370.63
1196.49
1313.97
1011.78
1444.33
1262.53
2119.05
1405.48
1422.74
1500.26
1832.66
1204.99
2058.68
1078.36
1353.97
1237.98
1477.38
1789.68
583.65
1264.35
1016.55
2216.80
1634.28
1025.17
1673.44
1638.19
1623.49
1530.29
983.85
949.62
1635.64
499.43
2165.24
1905.35
2100.16
1817.36
1525.43
1513.41
1490.18
1908.34
306.99
1758.44
1177.53
1000.43
1943.40
1510.98
1155.89
1658.28
1762.02
1352.26
1340.09
1351.81
1487.11
1618.70
816.64
1427.95
1107.69
1081.50
626.25
654.25
596.44
1394.63
561.00
1296.00
795.83
1518.43
1645.21
1780.00
1500.43
1834.58
1478.39
1173.08
1495.56
1910.77
862.39
640.59
1191.57
1443.92
1673.41
1662.95
1821.33
723.79
557.01
1740.49
872.63
1897.07
945.83
2060.51
1199.66
1594.75
1216.37
1165.55
1211.05
1463.39
2070.60
1245.49
1708.50
1292.70
1360.80
1405.98
1505.61
2019.19
1486.38
1406.81
905.49
2014.19
992.14
704.89
1281.91
1100.14
1324.16
947.12
1137.17
1325.29
1679.58
1369.26
1479.81
1254.73
1215.61
1385.67
488.03
1419.34
1258.86
2104.67
1925.54
654.63
783.84
1370.39
1975.36
740.37
1858.98
725.95
1170.82
1111.48
771.61
1993.32
1565.85
816.44
1684.77
1559.70
1367.04
980.30
802.24
1621.42
1448.16
2007.62
1393.40
1556.96
1713.19
1095.66
1858.86
1712.44
1341.55
1831.00
425.01
1876.66
1229.42
1743.19
561.06
651.82
1882.34
1702.52
1389.57
917.40
1328.96
1945.55
1708.81
1282.92
1448.47
1584.41
1116.77
1559.22
1620.81
1288.35
1147.45
1021.72
789.27
1563.85
1848.84
1464.82
1788.10
2026.71
2095.11
1362.80
1416.75
919.67
1069.93
1395.99
681.53
1353.28
1184.66
1755.74
807.00
1678.21
1581.32
1581.26
1527.93
1178.93
1768.05
472.02
738.49
731.56
1255.22
851.68
1886.80
1470.40
1871.62
1406.53
1288.35
1139.47
375.05
907.59
1663.09
1455.09
1680.61
827.67
906.99
1476.65
1034.26
1356.11
1096.84
850.30
1257.61
1292.71
1727.71
872.42
1119.85
447.50
812.48
1706.77
1294.69
1694.15
1194.97
1608.57
1289.19
1786.87
2049.63
1205.05
1751.57
1694.09
1519.37
980.71
1150.91
1687.66
296.48
1879.02
1848.72
1152.21
1439.28
1053.99
1540.42
1145.74
1349.03
1581.50
1199.93
844.47
1794.02
1605.87
1626.12
642.26
1157.51
1774.71
608.04
1556.67
1631.45
1067.89
1028.76
1739.19
1459.05
944.02
1764.43
1115.50
869.78
1208.34
1751.14
1017.17
1114.21
2161.92
1300.00
1027.13
1717.14
1729.19
1282.10
767.48
1507.02
1019.26
818.39
1341.21
1084.92
479.18
1512.96
495.92
1547.72
1304.40
1587.34
1567.84
1620.59
1403.49
1321.28
470.27
873.52
1463.87
1796.46
1129.12
1581.96
1682.81
1505.04
1075.08
1240.05
1210.43
1402.28
448.58
2020.30
1108.49
924.36
747.95
790.36
1977.85
1110.08
1088.04
1856.14
1914.13
1087.25
1620.78
1376.08
954.29
1590.98
1370.10
1550.10
1672.40
1403.92
1885.76
1414.55
1532.33
921.46
1000.97
1810.01
1692.14
1685.46
917.77
1709.01
1124.13
1317.56
1574.11
1307.23
1575.89
1059.10
1212.96
1197.51
2146.80
1104.04
1775.99
1493.28
1478.15
1909.10
1098.22
1126.27
1259.37
1403.07
1711.44
899.13
948.26
1413.05
1123.11
1779.45
1483.72
983.50
842.53
926.89
1085.39
2064.21
1408.13
898.10
1972.86
1674.66
1560.95
2289.78
1726.36
1555.58
1553.97
1509.52
990.79
643.35
1378.26
1901.39
1692.74
1391.88
2033.66
1473.55
1762.34
1242.96
1119.47
1038.31
1683.87
1411.50
1527.65
1116.93
1509.42
1467.52
944.04
2090.65
1217.36
1940.06
1949.89
1029.22
765.44
1310.01
1930.81
1595.85
1495.70
854.50
1947.59
1741.43
1781.88
1604.23
1541.77
2018.91
510.50
621.44
1525.99
961.29
1475.20
1187.44
1875.05
836.23
1204.79
1365.83
917.64
1542.42
1446.61
1202.90
1029.53
1495.69
1585.72
1335.89
1054.21
2030.06
1237.42
1400.76
1158.18
1226.80
1687.74
1400.46
1192.00
454.72
777.39
1280.72
860.18
1404.73
1578.12
1317.12
1995.85
1791.28
1758.20
1537.00
1767.58
1356.95
1770.31
1499.06
1645.18
1929.66
2164.19
1459.50
1772.02
1338.42
1532.67
1847.91
1161.80
916.87
1870.51
1578.67
1473.67
899.36
1392.53
2121.82
1588.53
1717.78
1385.58
1935.95
855.18
1462.54
613.58
1068.81
1545.00
716.52
1157.19
1616.60
1779.17
1838.50
1412.45
1221.37
1072.88
1248.59
2226.55
1642.74
1257.37
1684.57
1307.08
1053.00
1478.72
1165.07
1289.60
1236.09
1564.13
1896.11
1906.59
1806.13
1467.22
902.69
1995.25
1035.59
1615.94
1186.71
1577.53
794.64
980.28
1076.89
1365.50
1082.84
1601.37
815.96
1452.21
1669.34
1405.75
2118.86
1769.25
457.99
1140.11
847.92
1431.72
1852.75
818.07
1674.47
1716.66
854.61
1263.14
2039.61
1942.32
1428.22
1398.07
448.55
833.18
1118.86
1499.78
1266.05
1334.54
1617.89
1506.95
1231.40
1524.16
646.97
1549.09
1797.66
1913.77
1768.79
1783.90
1364.04
919.48
855.78
1555.30
879.49
1300.49
1291.77
1670.28
852.34
1748.58
1866.54
803.35
1671.39
915.89
1144.45
1637.57
1323.06
1802.82
1856.32
1606.55
1080.93
1446.60
1100.05
1102.75
1393.26
1228.22
1616.68
1386.39
1180.82
836.31
1424.42
904.69
1741.67
991.42
958.38
1496.09
1274.75
785.18
1011.50
1402.63
920.52
686.47
679.38
411.09
1064.23
1867.45
743.33
1558.04
1659.09
1516.71
1686.41
1786.55
1755.96
839.77
1296.72
1914.97
1248.31
1641.33
1161.86
1385.58
1512.34
1097.95
1073.65
1170.10
1560.98
1413.52
1607.48
1200.45
1766.31
692.44
758.41
1047.53
1714.12
1048.20
1078.06
1006.90
1060.96
1358.95
762.07
847.91
355.64
1332.64
1100.63
860.52
1850.37
982.52
1794.81
1078.99
1608.83
1731.77
1702.72
980.42
1749.68
1510.46
1869.43
852.61
1159.81
853.23
1648.79
784.32
1200.38
1422.76
1385.52
1833.85
1123.45
1042.83
1588.71
1587.41
2265.86
1714.96
1425.93
1714.81
1388.94
797.51
1560.23
1016.54
1878.10
760.21
322.42
836.20
928.40
1458.56
1994.75
949.27
1116.38
1516.81
900.51
1371.41
1557.52
1534.23
1417.70
2164.29
758.81
1447.12
734.50
1965.02
1176.18
1279.13
825.57
1779.58
1057.99
1040.97
2035.59
1385.93
1216.23
1651.60
1602.54
1429.25
2165.16
1432.64
1181.68
1527.73
1391.90
1347.20
1251.51
1536.57
1075.38
1463.60
1348.05
1710.63
1741.09
2058.81
1986.84
669.59
1245.34
1368.61
1187.21
615.81
881.99
1025.12
1898.11
1073.32
1458.96
1923.62
861.22
1414.96
1578.56
1692.73
641.59
775.20
1668.59
1683.82
599.04
867.24
1900.75
1684.75
1501.03
1759.22
1186.81
689.63
1834.33
1224.13
1243.26
1931.69
1089.62
1899.89
849.53
1713.11
1622.87
1812.28
1777.53
913.60
1424.97
937.99
1794.36
1826.74
1153.24
1449.76
1405.10
1459.75
755.09
644.83
1056.56
1671.85
1882.81
1043.18
1823.78
1364.31
1274.82
1256.70
1344.70
1048.29
963.49
1869.62
2057.45
1012.30
885.61
1172.89
1319.81
2201.10
780.54
1929.37
1393.89
1961.23
1261.75
1842.52
850.36
1497.93
1216.00
1150.18
1263.44
753.21
907.56
1572.04
1174.53
1865.27
1271.76
1455.59
1481.08
1284.25
1281.84
1171.27
2122.16
1549.13
1340.51
1167.95
876.70
1835.21
1532.65
1298.92
675.29
1125.20
1860.96
1320.58
1776.59
1980.46
888.81
1176.19
1723.07
1563.70
1081.34
1727.07
714.10
1472.52
1474.24
1558.22
1312.28
712.90
936.41
1548.79
674.41
1480.35
1461.34
1393.43
1570.49
1042.47
2150.71
1569.28
1602.26
1554.20
381.23
1007.95
1147.68
1512.70
1507.06
485.45
1110.02
1279.22
1478.65
1923.23
1297.46
1834.11
1757.30
1097.11
1405.13
1847.32
1361.23
1447.71
1194.49
1152.74
2126.99
1595.40
1254.15
1257.06
1578.51
1281.98
887.45
1313.56
1737.20
959.02
1197.42
1360.17
1583.30
1228.42
908.00
783.99
1563.56
1659.99
1374.55
1198.94
2034.02
1312.09
1841.72
792.92
1265.06
722.56
999.92
1269.80
958.20
867.83
1229.56
651.21
1743.60
1043.68
1178.15
1677.81
1130.65
1506.84
1309.66
1026.88
1382.59
1566.61
1513.53
1345.52
948.93
780.46
1058.96
498.35
2181.49
1587.15
1109.47
1366.23
345.15
1197.10
1240.95
1041.21
1255.27
1957.90
1052.37
1252.19
1233.81
1859.07
1631.25
1460.85
1473.61
933.76
1905.03
1619.99
1416.96
1398.25
1394.62
688.61
1466.90
1236.49
1024.16
2127.59
1671.76
1761.61
1284.17
1444.27
816.53
892.15
1832.10
1359.54
1403.66
519.12
1117.56
1593.27
995.57
1447.91
1612.37
1716.80
247.09
1548.74
2264.47
1896.40
955.56
1210.47
1331.06
1770.48
1740.38
1906.98
1275.41
1317.81
738.89
1311.37
1159.32
859.09
1423.92
236.23
1669.30
842.21
962.19
1527.18
1148.56
1759.19
1284.92
1760.84
1884.43
849.59
1827.78
1453.10
1811.68
663.14
608.18
1442.33
1693.58
1457.86
588.39
1753.20
1910.90
897.27
1137.79
741.92
1535.29
1891.40
1489.07
2013.60
1682.78
1427.93
565.28
922.20
1553.05
2145.86
1526.26
1807.21
728.59
1453.79
1248.62
2059.80
1116.81
1177.61
1638.06
1838.46
744.48
1633.45
1518.31
1524.62
1462.60
1028.98
1202.90
1222.97
1982.09
728.02
1056.01
2019.77
1642.14
627.97
1329.85
1208.39
1550.53
1478.37
2011.92
1437.08
718.72
1536.21
1325.71
1606.34
1014.12
1292.56
1095.27
1065.68
1145.45
1258.45
1862.66
1453.19
870.53
1580.85
1379.21
977.48
1322.52
2012.95
1636.85
1406.17
1479.25
1286.77
1903.23
1451.60
1820.35
1827.80
1274.23
1599.89
1273.80
1034.08
1796.50
1720.89
1952.94
1308.81
1583.14
1633.50
570.69
1422.41
844.78
1496.01
1769.61
1719.05
1366.96
602.09
1231.58
1451.75
1669.80
1367.03
1853.51
1981.95
966.36
1712.87
559.15
1397.37
1042.82
1248.23
1222.03
832.91
1539.90
1412.06
1250.35
583.55
1373.35
1077.86
1134.29
1696.93
1947.17
1292.47
1681.79
1542.35
1204.57
1203.62
1017.03
1235.89
1125.17
1815.88
660.62
1026.21
1535.34
669.92
1689.89
1428.50
1228.24
1183.72
1734.64
1489.93
2030.42
1904.12
889.19
1653.66
1051.18
676.78
1414.67
900.73
1873.19
1951.94
1488.77
1239.62
1587.65
395.72
1742.47
1087.02
1312.88
1567.20
1117.64
959.38
1731.76
1006.43
1411.23
1566.99
809.39
1569.10
792.50
636.91
1462.50
1380.20
1213.27
1628.50
1302.20
1093.83
1912.00
1402.95
1521.42
1465.49
1223.97
1384.78
714.16
1576.57
1818.25
712.28
699.93
1110.07
1573.40
2101.90
1095.52
1893.93
1430.37
1213.68
1874.92
885.36
1942.88
935.95
1147.83
1226.30
950.80
1711.92
1026.23
1168.86
1864.33
1420.39
1103.90
1657.60
1948.66
1375.40
1375.37
1214.78
810.33
984.50
1542.61
1221.56
1908.60
1374.33
1224.89
1211.30
712.67
1805.68
1430.42
910.03
1409.21
2069.74
2234.79
780.81
1530.93
1474.21
758.00
432.80
1534.73
1121.55
988.48
1124.46
819.00
1619.89
1554.53
1176.89
1788.03
1471.27
1040.11
950.33
1352.88
964.98
1152.16
1415.67
888.68
990.32
670.04
1179.52
1807.04
2034.33
1714.81
1970.69
1138.37
1571.32
1340.07
832.11
1016.31
1696.38
791.37
1577.61
1352.79
1820.35
1212.72
1092.98
1103.55
1652.41
940.26
896.01
1281.60
1288.24
937.92
1016.03
1080.66
1328.14
1404.82
1298.65
1236.06
1928.51
1344.14
1569.97
311.82
379.20
1511.83
1463.31
917.00
1728.79
866.44
1224.25
710.21
1404.65
1219.19
2123.54
797.10
1483.06
1269.26
617.33
1840.65
1130.33
551.69
1328.93
1590.70
1755.25
1009.17
1780.69
1116.20
542.76
1828.67
2042.60
1538.62
1560.04
1135.24
2119.85
1018.37
1647.41
1046.58
1114.47
970.41
1202.95
1483.71
1379.85
991.87
1418.46
588.16
707.98
1414.57
1160.60
1556.06
1824.21
1386.85
859.13
1225.45
1121.03
943.03
1483.03
693.31
1205.51
1524.06
1348.53
1268.18
1629.10
687.87
960.66
1723.91
1364.41
1630.62
813.28
832.39
1838.67
1182.97
1496.08
1516.76
1654.35
1061.41
262.63
1991.26
1444.02
1515.39
1175.24
1277.72
1297.51
1999.31
1670.85
1847.91
1552.80
1504.57
821.95
1827.31
1608.89
1182.41
1553.49
1948.85
1693.01
1257.37
1753.58
1704.49
711.29
1685.06
1022.18
923.71
758.50
1458.65
1955.61
1023.57
521.93
1413.99
699.61
1556.14
1497.93
1128.29
1391.91
1397.94
1305.76
1148.46
1858.38
1314.57
1157.82
1067.10
1357.91
1444.99
1330.67
765.67
952.87
965.17
1862.38
1081.20
1346.32
1198.12
2166.65
1585.85
1288.37
1837.32
1273.53
1785.63
1284.44
1241.32
1347.23
1627.69
1206.79
643.15
1454.81
1147.09
759.42
2037.82
1055.30
1762.09
1114.29
1527.60
993.31
2016.42
1548.28
2038.26
1505.33
1591.28
1572.08
667.30
1413.60
713.60
1401.36
1117.32
1242.95
772.37
1653.79
1582.55
1297.82
1174.61
988.50
1382.19
2042.10
1859.22
681.00
809.44
785.95
1418.03
1301.05
1452.05
1492.79
1276.35
328.40
1355.62
1632.41
1081.02
1364.18
967.84
1658.14
1387.39
1178.54
721.59
2212.85
1168.74
1554.23
1680.91
1414.08
1793.51
1276.71
1488.32
1971.43
467.78
951.88
341.30
1530.52
834.76
979.34
1789.04
1453.99
892.59
1075.93
1354.73
1870.49
1811.89
334.84
1556.87
1063.06
2112.47
925.80
1743.27
1542.29
1935.98
1307.91
1458.14
1045.64
1524.79
645.57
1491.36
1334.78
1084.80
1138.75
1459.10
1524.42
1592.17
292.07
1787.82
1701.71
1203.60
1068.63
679.47
1424.49
1171.87
1157.51
1308.46
1186.22
1264.12
1116.53
861.41
1645.13
1412.09
1154.70
1270.87
1150.49
1723.04
1767.72
1197.31
1080.63
630.58
1486.86
887.96
763.95
1360.46
968.33
1707.90
1465.05
803.97
1590.10
1013.28
1918.82
945.55
1185.09
994.06
755.75
1368.99
1411.30
1160.43
2002.99
960.53
1032.09
1056.84
1472.83
630.41
1462.31
1472.78
993.09
1859.67
2129.74
796.33
1205.54
923.87
1556.80
1482.12
1232.76
1117.74
632.95
1795.99
1302.19
1478.23
1242.89
963.45
2069.29
1310.48
1566.08
1006.56
1400.30
1556.29
1391.17
1033.00
909.23
1310.13
1032.14
1538.50
1091.08
730.34
1512.15
1050.41
1418.88
1063.93
1405.26
1889.57
1590.69
866.92
1826.35
1028.13
1351.94
1065.98
1445.68
1263.63
1189.59
1451.06
1454.08
1430.08
710.63
933.38
1706.76
1652.28
1528.58
1467.87
1895.34
1572.01
1530.42
1451.56
1244.92
1436.99
1621.41
1645.27
1269.22
1321.74
1312.29
1033.42
716.98
865.41
1945.45
1015.76
1691.00
1724.94
1841.62
1202.69
871.57
1311.98
2143.18
288.23
1156.21
1126.46
1496.74
1347.88
1073.14
1160.63
803.72
564.99
1065.80
1445.65
2063.12
1566.32
1829.03
1253.94
1523.15
1534.80
1790.37
891.76
1609.09
493.88
937.46
1154.09
1183.13
966.25
1547.73
1129.27
1326.35
1502.78
1536.29
1494.57
1363.67
1543.69
1081.06
1528.51
1832.02
1581.59
676.73
920.46
1643.47
1021.96
1105.61
661.00
851.93
1313.02
1608.56
925.56
804.25
943.31
1681.22
1392.55
1028.70
881.37
1722.76
1311.23
1496.24
1655.93
1620.11
945.01
660.54
1447.52
932.89
799.42
1462.93
2151.14
1172.31
2126.49
1091.24
1343.80
981.29
937.46
1029.53
895.37
1362.16
1540.17
965.69
1189.49
2067.80
1118.05
1021.57
1897.46
1393.02
2060.85
1326.93
860.88
1310.55
1527.06
1044.36
1128.11
1364.99
886.97
591.24
1695.52
1372.19
766.67
868.94
1235.49
1064.22
1395.68
1246.04
886.66
1248.89
1751.51
1668.85
1460.60
1741.98
1103.00
1070.10
1459.99
1884.36
1611.15
1532.00
1701.89
1495.57
1733.23
1257.77
1483.30
1156.99
1113.54
1776.69
1218.38
1085.46
1458.42
707.60
1456.67
1214.64
1037.33
898.38
1914.69
1320.16
1455.13
1673.66
1261.40
1241.77
880.54
1154.85
1034.55
1205.89
1545.74
946.45
970.83
1334.38
697.62
1341.29
1043.92
1581.30
1902.76
1045.81
1286.00
668.68
1639.29
512.69
1020.85
796.77
1196.47
1505.30
1543.00
1819.90
1239.28
1753.62
741.39
861.32
1956.63
1436.75
1323.11
1111.18
1516.33
1023.36
1925.78
1619.97
785.42
1528.98
2223.65
1815.21
1632.93
1223.01
769.66
1352.15
1083.47
1270.17
1312.30
923.51
681.09
1935.57
1477.23
775.45
1105.52
1440.81
903.05
1411.52
1814.95
957.65
693.22
1334.53
1371.12
666.22
608.82
503.72
1612.04
1626.81
1301.76
1692.96
994.96
1736.87
1572.57
1098.10
1446.55
2007.94
1369.87
1382.36
1309.28
890.82
732.83
1510.44
1491.98
1627.15
1593.80
1070.71
1585.38
1713.49
1487.47
2057.50
1664.41
1593.02
1251.09
2066.82
1861.18
1033.06
853.16
643.15
1798.57
1064.23
1521.46
1784.46
1425.21
1108.86
1240.37
1290.73
1210.46
774.17
1065.36
1657.15
848.13
1559.30
1118.02
1769.83
1190.82
928.54
990.72
1242.11
1324.34
1550.65
1453.69
1134.87
1654.85
1368.04
1458.56
1399.45
1742.02
972.66
1864.57
1526.61
1665.11
523.02
583.19
2035.27
1055.17
792.18
1302.31
1099.37
1629.39
1559.25
1237.93
1557.25
1477.54
1325.70
1963.09
1615.04
1369.12
1304.99
1426.46
1600.51
1043.17
1031.86
1476.57
1114.30
986.26
1274.98
1772.02
938.46
1639.05
1820.45
514.53
681.87
1563.59
1097.55
1145.12
1711.70
1412.33
1084.75
915.34
1668.28
1229.53
973.73
1694.53
1319.44
1696.12
1181.38
1589.02
1150.50
1330.90
1683.52
1826.38
1789.05
945.19
675.51
980.56
1638.74
893.54
786.83
1627.90
968.29
1942.26
1329.02
1628.36
1999.48
1518.83
1073.66
1512.55
1501.12
1200.61
928.71
589.68
1091.47
1661.08
1667.25
741.30
1418.04
1156.32
1521.03
1389.98
1884.63
2049.47
1630.53
1345.65
2067.45
925.34
792.51
555.03
1674.99
1307.60
1088.50
1481.28
1289.34
1837.00
1914.33
1666.57
1204.70
1432.33
1143.58
1574.71
1734.19
1947.70
974.71
893.58
1380.81
1285.38
1181.01
1349.47
1641.16
1736.89
1180.31
1112.79
1252.88
492.31
1437.28
1446.95
1352.74
1038.58
949.18
1209.29
1514.76
1023.15
514.53
1416.80
928.65
1621.90
1018.23
1692.84
1071.26
1509.20
1944.79
1581.84
1443.92
1801.79
1025.09
1494.02
444.47
1014.21
2131.50
996.72
1295.60
1094.77
1397.67
374.74
1329.54
1570.71
1009.48
2075.29
1901.33
426.59
1348.52
382.51
1340.79
1455.19
1622.40
1081.07
1808.27
1764.22
474.70
240.65
1328.44
1077.73
1213.70
1377.21
802.72
1518.81
882.69
1752.90
1391.41
899.49
719.29
992.18
1431.97
1713.75
717.12
1643.36
1414.80
1211.65
619.34
801.55
1288.45
1336.75
1142.15
1073.01
917.88
1613.65
593.26
1295.86
1636.05
1540.89
1667.80
1430.48
1254.72
777.28
1830.28
683.63
1305.67
1244.27
1290.92
1172.79
1067.55
1314.66
1269.94
1232.12
1317.52
1785.62
1991.94
1681.63
819.98
1675.26
979.63
1191.76
1922.97
1420.42
1639.57
983.01
937.34
1239.49
1472.72
1125.54
1655.87
1701.79
862.60
1322.35
1469.63
1797.85
890.73
1035.78
822.99
1077.93
2103.00
972.07
1750.74
1231.72
1043.04
588.43
1619.74
894.76
1381.86
783.03
1004.48
1194.77
994.20
1497.68
1826.71
920.79
1470.38
827.85
596.69
1554.57
1158.49
731.76
1459.80
1717.17
1168.63
1586.36
1276.82
1047.54
1458.70
1345.74
1190.23
1231.14
1296.71
415.76
826.28
1467.86
1220.47
1059.86
1046.81
1435.35
827.72
954.81
1525.29
881.11
1076.81
1225.59
1485.56
1443.13
1070.15
1503.21
1415.85
1525.92
1245.79
2032.90
1133.88
1409.49
2078.02
1037.82
1493.60
1136.23
1542.02
1353.71
1001.38
1489.97
1171.00
1801.83
1845.69
1796.89
1791.21
1512.24
1219.29
1524.38
1597.49
1305.83
1196.17
1030.02
1510.60
2202.46
1632.03
1827.09
1051.49
646.30
1402.44
1437.19
1505.37
1704.88
611.29
1166.11
589.69
1381.46
1747.92
1133.06
1400.59
1091.09
829.36
1528.56
1230.33
1452.33
1226.19
1150.04
2044.33
1692.37
587.26
1190.10
1602.10
883.88
1485.49
1445.20
1408.26
1206.91
650.32
582.92
1906.31
991.68
1779.06
1828.85
1450.63
1405.33
1827.16
963.54
960.38
1301.39
1026.83
1380.78
789.87
1656.80
1557.23
1099.97
401.50
1143.93
1284.10
1215.53
1200.48
1857.92
834.29
647.85
1080.42
992.41
1753.23
1568.25
782.51
1776.58
1629.39
1647.88
1315.03
894.19
684.11
1305.69
1495.70
1829.31
344.86
1700.96
1542.95
1702.30
1302.76
1941.32
1080.26
689.96
1656.55
1520.27
1653.29
1716.36
871.88
1237.31
1140.57
575.01
1834.87
1093.74
1034.36
1573.86
1088.90
955.48
1459.72
2191.48
1439.58
620.66
1107.76
1068.50
1340.87
1482.01
1309.58
1660.89
1148.74
1526.65
1870.59
1543.61
1141.75
1341.90
2037.82
1119.56
1268.42
1503.37
1060.77
1048.47
1281.64
788.50
1437.30
861.19
1174.37
1046.07
1183.18
1263.61
931.40
1120.13
2033.01
816.19
1943.32
1146.31
1220.38
991.90
1440.54
2091.08
1220.65
1387.09
1058.64
1061.12
878.23
1637.97
1263.89
1812.48
1425.98
1585.53
758.82
1358.40
1488.80
1703.13
1022.41
1452.34
1432.47
829.66
1662.33
1633.33
1667.71
1526.31
1591.00
1122.34
1695.19
436.43
1058.76
975.46
1339.93
767.62
1842.03
1127.51
1171.47
1037.42
1507.64
882.22
128.42
872.07
1240.19
1802.81
2010.01
1816.20
1546.38
1833.09
873.49
1445.58
921.30
1294.54
1320.12
832.66
888.00
1687.20
1286.74
750.75
1145.12
1606.11
1483.61
1726.29
1746.46
1339.57
1991.58
1644.46
1322.36
1743.23
1473.46
1129.83
624.31
966.53
653.88
1691.66
1488.84
1526.49
1279.51
1336.35
948.40
1032.58
867.46
1611.66
1781.14
1261.03
1912.55
1366.52
1205.66
1621.06
914.68
1249.37
789.17
1502.35
1157.55
1067.34
954.44
1747.50
1591.20
1420.54
1450.48
706.99
1791.73
911.25
1145.49
1386.00
1041.09
1100.18
1420.77
1122.93
1174.56
1019.23
2121.70
1533.18
992.50
1686.96
1262.98
1575.28
640.60
1646.96
1521.72
517.45
1148.44
1400.25
304.63
1191.19
1227.59
1171.85
1450.57
1298.28
1262.00
1521.18
1904.00
599.57
1479.76
718.01
1375.80
1269.03
1231.10
2023.62
1778.13
1531.84
1469.99
1490.16
1955.52
1134.83
1637.04
1113.94
1262.44
1234.23
1673.48
368.36
883.64
995.55
1125.04
1778.09
735.80
1155.61
1954.49
1159.52
1351.18
480.18
1244.35
1269.83
1110.28
903.26
735.70
1494.13
1324.64
2157.12
1369.70
1781.71
869.47
1444.23
1583.15
1504.81
1352.72
1877.22
1004.70
1163.70
1164.91
1187.69
2315.67
1623.84
1424.67
981.00
1407.46
841.31
1223.24
857.99
1610.36
1315.24
1338.24
1289.32
1603.51
2063.63
1655.56
302.60
1322.64
1551.16
1272.70
793.60
1329.56
1205.47
1550.22
899.62
2088.79
1386.38
1268.35
1574.35
1947.81
1453.97
1067.88
1635.74
1358.51
1076.85
384.10
1654.78
1724.91
1243.84
1243.79
1883.80
703.47
470.30
609.15
1773.38
1017.22
